    3    2   43914.03   40321.50      0.000      0.000      0.000      8.799      20.00       0.05
    3    3   43900.34   40339.63      0.000      0.000      0.000      8.799      20.00       0.05
    3    4   43888.84   40354.88      0.000      0.000      0.000      8.799      20.00       0.05
    3    5   43877.43   40369.25      0.000      0.000      0.000      8.799      20.00       0.05
    3    6   43864.68   40384.75      0.000      0.000      0.000      8.799      20.00       0.05
    3    7   43851.72   40400.38      0.000      0.000      0.000      8.799      20.00       0.05
    3    8   43838.44   40416.13      0.000      0.000      0.000      8.799      20.00       0.05
    3    9   43825.03   40431.75      0.000      0.000      0.000      8.799      20.00       0.05
    3   10   43811.63   40447.25      0.000      0.000      0.000      8.799      20.00       0.05
    3   11   43798.09   40462.88      0.000      0.000      0.000      8.799      20.00       0.05
    3   12   43784.31   40478.63      0.000      0.000      0.000      8.799      20.00       0.05
    3   13   43770.38   40494.25      0.000      0.000      0.000      8.799      20.00       0.05
    3   14   43756.29   40509.75      0.000      0.000      0.000      8.799      20.00       0.05
    3   15   43742.13   40525.38      0.000      0.000      0.000      8.799      20.00       0.05
    3   16   43727.91   40541.13      0.000      0.000      0.000      8.799      20.00       0.05
    3   17   43713.56   40556.88      0.000      0.000      0.000      8.799      20.00       0.05
    3   18   43699.22   40572.38      0.000      0.000      0.000      8.799      20.00       0.05
    3   19   43684.78   40587.63      0.000      0.000      0.000      8.799      20.00       0.05
    3   20   43670.31   40602.75      0.000      0.000      0.000      8.799      20.00       0.05
    3   21   43655.94   40617.88      0.000      0.000      0.000      8.799      20.00       0.05
    3   22   43641.50   40633.13      0.000      0.000      0.000      8.799      20.00       0.05
    3   23   43626.94   40648.38      0.000      0.000      0.000      8.799      20.00       0.05
    3   24   43612.29   40663.63      0.000      0.000      0.000      8.799      20.00       0.05
    3   25   43597.63   40678.88      0.000      0.000      0.000      8.799      20.00       0.05
    3   26   43583.06   40693.88      0.000      0.000      0.000      8.799      20.00       0.05
    3   27   43568.53   40708.75      0.000      0.000      0.000      8.799      20.00       0.05
    3   28   43554.00   40723.75      0.000      0.000      0.000      8.799      20.00       0.05
    3   29   43539.47   40738.63      0.000      0.000      0.000      8.799      20.00       0.05
    3   30   43524.84   40753.38      0.000      0.000      0.000      8.799      20.00       0.05
    3   31   43510.09   40768.00      0.000      0.000      0.000      8.799      20.00       0.05
    3   32   43495.25   40782.63      0.000      0.000      0.000      8.799      15.52       0.05
    3   33   43480.38   40797.50      0.000      0.000      0.000      8.799      10.97       0.05
    3   34   43465.38   40812.50      0.000      0.000      0.000      8.799      10.81       0.05
    3   35   43450.38   40827.25      0.000      0.000      0.000      8.799      10.66       0.05
    3   36   43435.44   40841.75      0.000      0.000      0.000      8.799      11.08       0.05
    3   37   43420.38   40856.25      0.000      0.000      0.000      8.799      12.36       0.05
    3   38   43405.34   40870.63      0.000      0.000      0.000      8.799      12.78       0.05
    3   39   43390.29   40885.25      0.000      0.000      0.000      8.799      12.00       0.05
    3   40   43375.22   40900.13      0.000      0.000      0.000      8.799      11.21       0.05
    3   41   43360.16   40915.00      0.000      0.000      0.000      8.799      10.58       0.05
    3   42   43345.00   40929.88      0.000      0.000      0.000      8.799      10.29       0.05
    3   43   43329.88   40944.50      0.000      0.000      0.000      8.799      10.15       0.05
    3   44   43314.78   40959.00     -0.088     -0.070      0.112      8.994       8.47       0.53
    3   45   43299.66   40973.63      0.247      0.235      0.341      8.995       4.74       4.25
    3   46   43284.47   40988.38      0.415      0.398      0.575      8.994       0.65       8.34
    3   47   43269.31   41003.00      0.568      0.534      0.779      8.993      -3.22      12.22
    3   48   43254.19   41017.63      0.711      0.652      0.965      8.993      -7.10      16.09
    3   49   43239.06   41032.50      0.848      0.757      1.137      8.992     -11.01      20.00
    3   50   43223.84   41047.50      0.975      0.851      1.294      8.991     -14.95      23.95
    3   51   43208.54   41062.50      1.086      0.930      1.430      8.991     -18.90      27.90
    3   52   43193.29   41077.63      1.167      0.990      1.530      8.991     -22.22      31.21
    3   53   43178.04   41092.88      1.209      1.019      1.581      8.991     -23.70      32.69
    3   54   43162.63   41108.25      1.223      1.024      1.595      8.992     -23.78      32.77
    3   55   43147.22   41123.63      1.237      1.030      1.610      8.992     -24.08      33.08
    3   56   43131.93   41138.88      1.256      1.042      1.632      8.992     -24.83      33.82
    3   57   43116.59   41154.00      1.270      1.052      1.649      8.993     -25.36      34.35
    3   58   43101.22   41169.00      1.278      1.057      1.658      8.993     -25.60      34.59
    3   59   43086.28   41183.50      1.283      1.060      1.664      8.993     -25.76      34.75
    3   60   43070.47   41198.63      1.286      1.064      1.669      8.993     -26.02      35.01
    3   61   43054.63   41213.63      1.287      1.068      1.672      8.994     -26.26      35.26
    3   62   43039.53   41227.88      1.285      1.069      1.672      8.994     -26.38      35.37
    3   63   43024.09   41242.38      1.282      1.070      1.670      8.995     -26.48      35.47
    3   64   43008.79   41256.75      1.277      1.071      1.667      8.996     -26.59      35.59
    3   65   42993.38   41271.38      1.272      1.071      1.663      8.996     -26.56      35.56
    3   66   42977.97   41286.13      1.265      1.070      1.657      8.996     -26.34      35.34
    3   67   42962.50   41301.13      1.259      1.070      1.652      8.996     -26.17      35.16
    3   68   42946.88   41316.25      1.257      1.072      1.652      8.996     -26.19      35.19
    3   69   42931.28   41331.13      1.252      1.071      1.648      8.996     -26.10      35.10
    3   70   42915.72   41346.13      1.243      1.065      1.637      8.995     -25.65      34.64
    3   71   42900.00   41361.38      1.237      1.061      1.629      8.995     -25.26      34.25
    3   72   42887.68   41373.13      1.239      1.062      1.632      8.996     -25.31      34.31
    3   73   42877.84   41382.50      1.245      1.068      1.641      8.996     -25.74      34.74
    3   74   42866.29   41393.50      1.256      1.078      1.656      8.995     -26.31      35.31
    3   75   42853.82   41405.25      1.265      1.086      1.667      8.995     -26.74      35.74
    3   76   42841.22   41417.13      1.270      1.092      1.675      8.995     -26.99      35.98
    3   77   42829.22   41428.38      1.274      1.098      1.682      8.995     -27.26      36.25
    3   78   42818.38   41438.50      1.279      1.103      1.689      8.994     -27.58      36.57
    3   79   42809.25   41447.00      1.282      1.108      1.695      8.994     -27.86      36.86
    3   80   42797.32   41458.25      1.284      1.113      1.700      8.994     -28.08      37.08
    3   81   42781.91   41472.88      1.281      1.116      1.699      8.993     -28.14      37.13
    3   82   42767.25   41486.75      1.268      1.110      1.685      8.993     -27.69      36.69
    3   83   42754.25   41499.13      1.246      1.097      1.660      8.992     -26.75      35.74
    3   84   42741.19   41511.50      1.223      1.081      1.632      8.992     -25.91      34.90
    3   85   42726.88   41525.13      1.194      1.063      1.599      8.991     -25.05      34.04
    3   86   42713.97   41537.50      1.156      1.036      1.553      8.990     -23.55      32.54
    3   87   42701.94   41549.00      1.107      0.999      1.491      8.990     -21.40      30.39
    3   88   42689.38   41561.00      1.045      0.949      1.412      8.989     -18.96      27.95
    3   89   42676.68   41573.13      0.965      0.883      1.308      8.989     -15.68      24.67
    3   90   42665.22   41584.13      0.877      0.808      1.193      8.988     -12.00      20.98
    3   91   42653.94   41595.00      0.777      0.720      1.060      8.987      -8.34      17.33
    3   92   42641.50   41606.88      0.652      0.608      0.892      8.987      -3.98      12.97
    3   93   42630.09   41617.75      0.516      0.484      0.707      8.986       0.59       8.39
    3   94   42617.94   41629.50      0.364      0.331      0.492      8.986       3.90       5.08
    3   95   42604.09   41642.88      0.241      0.197      0.311      8.986       5.57       3.41
    3   96   42590.59   41655.88      0.168      0.124      0.209      8.986       6.73       2.26
    3   97   42577.34   41668.50      0.070      0.051      0.086      8.986       7.86       1.13
    3   98   42564.19   41681.00      0.000      0.000      0.000      8.799       9.01       0.05
    3   99   42551.00   41693.50      0.000      0.000      0.000      8.799      10.09       0.05
    3  100   42537.69   41706.13      0.000      0.000      0.000      8.799      10.76       0.05
    3  101   42524.28   41718.88      0.000      0.000      0.000      8.799      11.13       0.05
    3  102   42510.84   41731.50      0.000      0.000      0.000      8.799      11.47       0.05
    3  103   42497.41   41744.00      0.000      0.000      0.000      8.799      11.80       0.05
    3  104   42483.97   41756.63      0.000      0.000      0.000      8.799      12.14       0.05
    3  105   42470.50   41769.38      0.000      0.000      0.000      8.799      12.48       0.05
    3  106   42456.97   41782.13      0.000      0.000      0.000      8.799      12.82       0.05
    3  107   42443.34   41795.00      0.000      0.000      0.000      8.799      13.16       0.05
    3  108   42429.66   41808.00      0.000      0.000      0.000      8.799      13.51       0.05
    3  109   42416.03   41820.88      0.000      0.000      0.000      8.799      13.86       0.05
    3  110   42402.53   41833.63      0.000      0.000      0.000      8.799      14.21       0.05
    3  111   42389.22   41846.25      0.000      0.000      0.000      8.799      14.47       0.05
    3  112   42376.13   41858.63      0.000      0.000      0.000      8.799      14.59       0.05
    3  113   42363.19   41870.88      0.000      0.000      0.000      8.799      14.66       0.05
    3  114   42350.31   41883.13      0.000      0.000      0.000      8.799      14.73       0.05
    3  115   42337.41   41895.50      0.000      0.000      0.000      8.799      14.77       0.05
    3  116   42324.44   41908.00      0.000      0.000      0.000      8.799      14.82       0.05
    3  117   42311.38   41920.63      0.000      0.000      0.000      8.799      14.86       0.05
    3  118   42298.18   41933.50      0.000      0.000      0.000      8.799      14.85       0.05
    3  119   42284.84   41946.63      0.000      0.000      0.000      8.799      14.85       0.05
    3  120   42271.04   41960.38      0.000      0.000      0.000      8.799      14.85       0.05
    3  121   42256.19   41975.25      0.000      0.000      0.000      8.799      14.85       0.05
    3  122   42239.69   41991.88      0.000      0.000      0.000      8.799      14.84       0.05
    3  123   42221.07   42010.63      0.000      0.000      0.000      8.799      14.84       0.05
    3  124   42201.13   42030.63      0.000      0.000      0.000      8.799      14.83       0.05
    3  125   42181.81   42050.13      0.000      0.000      0.000      8.799      14.82       0.05
    3  126   42164.47   42067.63      0.000      0.000      0.000      8.799      14.82       0.05
    3  127   42149.44   42082.75      0.000      0.000      0.000      8.799      14.82       0.05
    3  128   42136.19   42096.13      0.000      0.000      0.000      8.799      14.81       0.05
