   37    2   46236.50   44010.88      0.000      0.000      0.000      8.755      15.93       0.05
   37    3   46207.57   44014.50      0.000      0.000      0.000      8.755      15.59       0.05
   37    4   46183.54   44017.63      0.000      0.000      0.000      8.755      15.31       0.05
   37    5   46161.38   44020.63      0.000      0.000      0.000      8.755      15.05       0.05
   37    6   46138.50   44023.75      0.000      0.000      0.000      8.755      14.78       0.05
   37    7   46116.34   44026.63      0.000      0.000      0.000      8.755      14.51       0.05
   37    8   46094.16   44029.50      0.000      0.000      0.000      8.755      14.25       0.05
   37    9   46071.38   44032.63      0.000      0.000      0.000      8.755      13.94       0.05
   37   10   46048.78   44035.63      0.000      0.000      0.000      8.755      13.62       0.05
   37   11   46027.13   44038.38      0.000      0.000      0.000      8.755      13.48       0.05
   37   12   46005.22   44041.25      0.000      0.000      0.000      8.755      13.49       0.05
   37   13   45982.69   44044.25      0.000      0.000      0.000      8.755      13.49       0.05
   37   14   45960.44   44047.13      0.000      0.000      0.000      8.755      13.49       0.05
   37   15   45939.00   44049.88      0.000      0.000      0.000      8.755      13.49       0.05
   37   16   45917.63   44052.63      0.000      0.000      0.000      8.755      13.50       0.05
   37   17   45895.66   44055.50      0.000      0.000      0.000      8.755      13.50       0.05
   37   18   45873.72   44058.38      0.000      0.000      0.000      8.755      13.50       0.05
   37   19   45852.09   44061.13      0.000      0.000      0.000      8.755      13.50       0.05
   37   20   45830.56   44063.75      0.000      0.000      0.000      8.755      13.50       0.05
   37   21   45809.31   44066.13      0.000      0.000      0.000      8.755      13.50       0.05
   37   22   45788.22   44068.38      0.000      0.000      0.000      8.755      13.50       0.05
   37   23   45766.75   44070.63      0.000      0.000      0.000      8.755      13.50       0.05
   37   24   45745.25   44073.00      0.000      0.000      0.000      8.755      13.50       0.05
   37   25   45723.72   44075.63      0.000      0.000      0.000      8.755      13.50       0.05
   37   26   45702.09   44078.38      0.000      0.000      0.000      8.755      13.49       0.05
   37   27   45681.29   44081.00      0.000      0.000      0.000      8.755      13.46       0.05
   37   28   45660.50   44083.50      0.000      0.000      0.000      8.755      13.43       0.05
   37   29   45639.22   44085.88      0.000      0.000      0.000      8.755      13.40       0.05
   37   30   45618.29   44088.25      0.000      0.000      0.000      8.755      13.37       0.05
   37   31   45597.50   44090.75      0.000      0.000      0.000      8.755      13.33       0.05
   37   32   45576.72   44093.38      0.000      0.000      0.000      8.755      13.20       0.05
   37   33   45555.94   44096.13      0.000      0.000      0.000      8.755      12.89       0.05
   37   34   45534.97   44099.00      0.000      0.000      0.000      8.755      12.46       0.05
   37   35   45514.19   44101.88      0.000      0.000      0.000      8.755      11.72       0.05
   37   36   45493.88   44104.50     -0.014      0.002      0.014      8.755       9.40       0.05
   37   37   45473.50   44106.88      0.051      0.542      0.545      8.976       4.86       4.11
   37   38   45452.94   44109.13      0.052      0.709      0.711      8.975      -0.43       9.40
   37   39   45432.54   44111.50      0.062      0.847      0.849      8.974      -5.36      14.34
   37   40   45412.50   44114.00      0.066      0.967      0.969      8.973     -10.13      19.10
   37   41   45392.38   44116.38      0.064      1.068      1.070      8.971     -14.98      23.95
   37   42   45371.69   44118.75      0.061      1.156      1.157      8.969     -20.29      29.26
   37   43   45351.19   44121.38      0.059      1.230      1.232      8.967     -25.19      34.15
   37   44   45331.00   44124.13      0.062      1.297      1.298      8.964     -28.61      37.58
   37   45   45310.75   44126.75      0.070      1.354      1.356      8.962     -30.39      39.35
   37   46   45290.54   44129.25      0.080      1.406      1.408      8.961     -30.74      39.70
   37   47   45270.32   44131.63      0.089      1.449      1.452      8.959     -30.61      39.57
   37   48   45250.38   44133.88      0.096      1.488      1.491      8.958     -30.63      39.58
   37   49   45230.43   44136.13      0.103      1.523      1.527      8.956     -30.64      39.59
   37   50   45210.13   44138.38      0.110      1.556      1.560      8.953     -30.60      39.56
   37   51   45189.84   44140.50      0.117      1.585      1.589      8.951     -30.67      39.62
   37   52   45169.72   44142.50      0.124      1.612      1.617      8.947     -30.90      39.85
   37   53   45149.63   44144.50      0.131      1.634      1.640      8.944     -31.15      40.09
   37   54   45129.18   44146.63      0.139      1.654      1.660      8.942     -31.20      40.14
   37   55   45109.06   44148.88      0.146      1.671      1.677      8.939     -30.82      39.76
   37   56   45089.34   44151.25      0.154      1.689      1.696      8.936     -30.09      39.02
   37   57   45069.06   44153.88      0.163      1.706      1.714      8.932     -29.10      38.04
   37   58   45049.31   44156.63      0.172      1.724      1.732      8.928     -27.97      36.90
   37   59   45030.47   44159.25      0.181      1.736      1.745      8.924     -26.90      35.83
   37   60   45009.93   44161.88      0.190      1.745      1.756      8.921     -25.73      34.65
   37   61   44989.25   44164.50      0.198      1.754      1.765      8.919     -24.50      33.42
   37   62   44969.54   44166.88      0.205      1.757      1.769      8.916     -23.33      32.25
   37   63   44949.79   44169.13      0.212      1.761      1.774      8.914     -22.28      31.20
   37   64   44930.50   44171.25      0.219      1.759      1.773      8.912     -21.41      30.32
   37   65   44910.97   44173.38      0.227      1.760      1.775      8.910     -20.66      29.57
   37   66   44891.31   44175.75      0.237      1.764      1.780      8.908     -20.00      28.91
   37   67   44871.25   44178.13      0.249      1.763      1.780      8.906     -19.36      28.27
   37   68   44851.25   44180.50      0.263      1.767      1.787      8.902     -18.49      27.39
   37   69   44832.06   44183.13      0.278      1.780      1.801      8.897     -17.25      26.14
   37   70   44812.84   44185.88      0.293      1.793      1.817      8.892     -15.94      24.83
   37   71   44793.34   44188.75      0.309      1.806      1.832      8.887     -14.90      23.78
   37   72   44778.22   44191.13      0.322      1.814      1.843      8.884     -14.27      23.16
   37   73   44766.06   44193.00      0.332      1.819      1.849      8.881     -13.80      22.68
   37   74   44751.78   44195.25      0.342      1.823      1.854      8.878     -13.25      22.13
   37   75   44736.38   44197.75      0.349      1.823      1.857      8.875     -12.72      21.59
   37   76   44720.81   44200.25      0.354      1.822      1.856      8.873     -12.34      21.22
   37   77   44706.04   44202.63      0.355      1.816      1.851      8.871     -12.07      20.95
   37   78   44692.72   44204.75      0.353      1.808      1.842      8.870     -11.94      20.81
   37   79   44681.50   44206.50      0.350      1.798      1.832      8.870     -11.91      20.78
   37   80   44666.84   44208.75      0.345      1.782      1.816      8.869     -11.82      20.69
   37   81   44648.00   44211.75      0.338      1.757      1.789      8.869     -11.74      20.61
   37   82   44630.16   44214.63      0.331      1.728      1.760      8.868     -11.77      20.64
   37   83   44614.44   44217.13      0.324      1.697      1.728      8.867     -11.84      20.70
   37   84   44598.81   44219.63      0.316      1.658      1.688      8.865     -11.88      20.75
   37   85   44581.69   44222.25      0.309      1.600      1.629      8.863     -11.91      20.77
   37   86   44566.22   44224.63      0.303      1.532      1.562      8.861     -10.76      19.62
   37   87   44551.88   44226.75      0.287      1.455      1.483      8.858      -8.38      17.24
   37   88   44536.94   44228.88      0.253      1.348      1.372      8.854      -6.18      15.03
   37   89   44521.84   44231.00      0.206      1.185      1.202      8.850      -5.14      13.99
   37   90   44508.19   44232.75      0.157      0.945      0.958      8.848      -5.37      14.22
   37   91   44494.69   44234.50      0.102      0.600      0.609      8.848      -5.41      14.26
   37   92   44479.81   44236.50     -0.048     -0.214      0.219      8.847      -4.25      13.10
   37   93   44466.22   44238.38     -0.073     -0.392      0.398      8.848      -1.99      10.84
   37   94   44451.75   44240.38     -0.097     -0.499      0.508      8.848       3.48       5.37
   37   95   44435.34   44242.63      0.000      0.000      0.000      8.755       8.84       0.05
   37   96   44419.41   44244.88      0.000      0.000      0.000      8.755      11.01       0.05
   37   97   44403.88   44247.13      0.000      0.000      0.000      8.755      12.46       0.05
   37   98   44388.54   44249.38      0.000      0.000      0.000      8.755      13.10       0.05
   37   99   44373.19   44251.63      0.000      0.000      0.000      8.755      13.27       0.05
   37  100   44357.81   44253.88      0.000      0.000      0.000      8.755      13.45       0.05
   37  101   44342.44   44256.13      0.000      0.000      0.000      8.755      13.63       0.05
   37  102   44327.09   44258.38      0.000      0.000      0.000      8.755      13.80       0.05
   37  103   44311.82   44260.63      0.000      0.000      0.000      8.755      13.97       0.05
   37  104   44296.57   44262.88      0.000      0.000      0.000      8.755      14.14       0.05
   37  105   44281.34   44265.13      0.000      0.000      0.000      8.755      14.32       0.05
   37  106   44266.13   44267.38      0.000      0.000      0.000      8.755      14.47       0.05
   37  107   44250.84   44269.75      0.000      0.000      0.000      8.755      14.58       0.05
   37  108   44235.57   44272.25      0.000      0.000      0.000      8.755      14.65       0.05
   37  109   44220.38   44274.88      0.000      0.000      0.000      8.755      14.68       0.05
   37  110   44205.41   44277.50      0.000      0.000      0.000      8.755      14.68       0.05
   37  111   44190.78   44280.00      0.000      0.000      0.000      8.755      14.68       0.05
   37  112   44176.53   44282.50      0.000      0.000      0.000      8.755      14.68       0.05
   37  113   44162.59   44285.00      0.000      0.000      0.000      8.755      14.69       0.05
   37  114   44148.91   44287.38      0.000      0.000      0.000      8.755      14.69       0.05
   37  115   44135.44   44289.63      0.000      0.000      0.000      8.755      14.69       0.05
   37  116   44122.16   44291.75      0.000      0.000      0.000      8.755      14.69       0.05
   37  117   44109.03   44293.75      0.000      0.000      0.000      8.755      14.70       0.05
   37  118   44096.00   44295.88      0.000      0.000      0.000      8.755      14.70       0.05
   37  119   44083.00   44298.00      0.000      0.000      0.000      8.755      14.70       0.05
   37  120   44069.75   44300.13      0.000      0.000      0.000      8.755      14.70       0.05
   37  121   44055.66   44302.38      0.000      0.000      0.000      8.755      14.71       0.05
   37  122   44040.06   44304.88      0.000      0.000      0.000      8.755      14.72       0.05
   37  123   44022.50   44307.75      0.000      0.000      0.000      8.755      14.75       0.05
   37  124   44003.66   44310.75      0.000      0.000      0.000      8.755      14.82       0.05
   37  125   43985.38   44313.63      0.000      0.000      0.000      8.755      14.90       0.05
   37  126   43968.94   44316.25      0.000      0.000      0.000      8.755      14.95       0.05
   37  127   43954.66   44318.50      0.000      0.000      0.000      8.755      14.97       0.05
   37  128   43942.09   44320.50      0.000      0.000      0.000      8.755      14.99       0.05
