   37   36   45493.88   44104.50     -0.014      0.002      0.014      8.755       9.40       0.05
   37   37   45473.50   44106.88      0.051      0.542      0.545      8.976       4.86       4.11
   37   38   45452.94   44109.13      0.052      0.709      0.711      8.975      -0.43       9.40
   37   39   45432.54   44111.50      0.062      0.847      0.849      8.974      -5.36      14.34
   37   40   45412.50   44114.00      0.066      0.967      0.969      8.973     -10.13      19.10
   37   41   45392.38   44116.38      0.064      1.068      1.070      8.971     -14.98      23.95
   37   42   45371.69   44118.75      0.061      1.156      1.157      8.969     -20.29      29.26
   37   43   45351.19   44121.38      0.059      1.230      1.232      8.967     -25.19      34.15
   37   44   45331.00   44124.13      0.062      1.297      1.298      8.964     -28.61      37.58
   37   45   45310.75   44126.75      0.070      1.354      1.356      8.962     -30.39      39.35
   37   46   45290.54   44129.25      0.080      1.406      1.408      8.961     -30.74      39.70
